2.400367229711264372e-04 4.939183709211647511e-04 6.600189805030822754e-01 -4.934585839509963989e-02 -7.736664847470819950e-04 -1.016772002913057804e-03
2.311106654815375805e-04 1.435633632354438305e-03 6.651033163070678711e-01 -9.639711678028106689e-02 1.036769128404557705e-03 -1.587666571140289307e-03
3.661488299258053303e-04 2.629487309604883194e-03 6.707991957664489746e-01 -1.521833539009094238e-01 3.329870756715536118e-03 -2.092668553814291954e-03
4.563850816339254379e-04 4.312569275498390198e-03 6.769099831581115723e-01 -2.139249742031097412e-01 6.203105673193931580e-03 -2.836456755176186562e-03
5.324191297404468060e-04 6.483992561697959900e-03 6.832382082939147949e-01 -2.800990343093872070e-01 9.128050878643989563e-03 -3.460375359281897545e-03
6.176683236844837666e-04 9.121911600232124329e-03 6.896169781684875488e-01 -3.493783771991729736e-01 1.213867310434579849e-02 -3.725709160789847374e-03
7.166680297814309597e-04 1.220276672393083572e-02 6.959200501441955566e-01 -4.205066859722137451e-01 1.534773129969835281e-02 -3.537635318934917450e-03
8.251087274402379990e-04 1.570828817784786224e-02 7.020331025123596191e-01 -4.922897219657897949e-01 1.874565333127975464e-02 -2.916671801358461380e-03
9.387622703798115253e-04 1.959176175296306610e-02 7.078749537467956543e-01 -5.637775063514709473e-01 2.222540229558944702e-02 -1.855407375842332840e-03
1.057439018040895462e-03 2.378526888787746429e-02 7.133780121803283691e-01 -6.340557336807250977e-01 2.562904544174671173e-02 -3.568925312720239162e-04
1.181852654553949833e-03 2.820597030222415924e-02 7.184841632843017578e-01 -7.022731900215148926e-01 2.879736572504043579e-02 1.551491091959178448e-03
1.311406958848237991e-03 3.276407346129417419e-02 7.231501340866088867e-01 -7.676959037780761719e-01 3.150508180260658264e-02 3.793937154114246368e-03
1.450700336135923862e-03 3.737103939056396484e-02 7.273442149162292480e-01 -8.297014236450195312e-01 3.363838419318199158e-02 6.315348669886589050e-03
1.603617682121694088e-03 4.194651171565055847e-02 7.310525178909301758e-01 -8.878629803657531738e-01 3.517882898449897766e-02 9.062010794878005981e-03
1.770945033058524132e-03 4.642912745475769043e-02 7.342845201492309570e-01 -9.419958591461181641e-01 3.611229732632637024e-02 1.194884534925222397e-02
1.950432779267430305e-03 5.078227445483207703e-02 7.370731234550476074e-01 -9.921715259552001953e-01 3.643644601106643677e-02 1.487619429826736450e-02
2.140165539458394051e-03 5.499006807804107666e-02 7.394710779190063477e-01 -1.038696289062500000e+00 3.615852072834968567e-02 1.773366890847682953e-02
2.336430363357067108e-03 5.905945599079132080e-02 7.415386438369750977e-01 -1.082052826881408691e+00 3.531995415687561035e-02 2.042914181947708130e-02
2.533526159822940826e-03 6.301178038120269775e-02 7.433360815048217773e-01 -1.122799873352050781e+00 3.398167714476585388e-02 2.289354987442493439e-02
2.725210506469011307e-03 6.687369197607040405e-02 7.449169158935546875e-01 -1.161499857902526855e+00 3.221968561410903931e-02 2.508247271180152893e-02
2.905592555180191994e-03 7.067321985960006714e-02 7.463231086730957031e-01 -1.198676466941833496e+00 3.011719696223735809e-02 2.697655744850635529e-02
3.069143509492278099e-03 7.443512231111526489e-02 7.475838065147399902e-01 -1.234771728515625000e+00 2.775802835822105408e-02 2.857928536832332611e-02
3.211093135178089142e-03 7.817792892456054688e-02 7.487156391143798828e-01 -1.270125150680541992e+00 2.522073313593864441e-02 2.991129271686077118e-02
3.326634876430034637e-03 8.191286772489547729e-02 7.497261166572570801e-01 -1.304980278015136719e+00 2.259997837245464325e-02 3.099169395864009857e-02
3.410564968362450600e-03 8.564499765634536743e-02 7.506172657012939453e-01 -1.339497089385986328e+00 2.000618912279605865e-02 3.182701766490936279e-02
3.462468041107058525e-03 8.937281370162963867e-02 7.513819932937622070e-01 -1.373730778694152832e+00 1.744274795055389404e-02 3.246477991342544556e-02
3.482678206637501717e-03 9.308869391679763794e-02 7.520113587379455566e-01 -1.407679200172424316e+00 1.492949854582548141e-02 3.294673934578895569e-02
3.471972187981009483e-03 9.678111225366592407e-02 7.524970769882202148e-01 -1.441294312477111816e+00 1.247227843850851059e-02 3.330691903829574585e-02
3.428724361583590508e-03 1.004374846816062927e-01 7.528366446495056152e-01 -1.474534273147583008e+00 1.012956816703081131e-02 3.353827074170112610e-02
3.355021122843027115e-03 1.040463969111442566e-01 7.530261874198913574e-01 -1.507318615913391113e+00 7.851174101233482361e-03 3.366762399673461914e-02
3.254052018746733665e-03 1.075948178768157959e-01 7.530635595321655273e-01 -1.539572358131408691e+00 5.574647337198257446e-03 3.372519835829734802e-02
3.127397736534476280e-03 1.110708266496658325e-01 7.529508471488952637e-01 -1.571226000785827637e+00 3.273141570389270782e-03 3.372081369161605835e-02
2.976802177727222443e-03 1.144639104604721069e-01 7.526926398277282715e-01 -1.602222323417663574e+00 8.934283978305757046e-04 3.366180881857872009e-02
2.803665818646550179e-03 1.177655905485153198e-01 7.522954344749450684e-01 -1.632518768310546875e+00 -1.613517175428569317e-03 3.355028107762336731e-02
2.608882728964090347e-03 1.209687814116477966e-01 7.517670989036560059e-01 -1.662081718444824219e+00 -4.295086488127708435e-03 3.338355943560600281e-02
2.392895752564072609e-03 1.240676119923591614e-01 7.511165738105773926e-01 -1.690886974334716797e+00 -7.196335587650537491e-03 3.315521031618118286e-02
2.155767986550927162e-03 1.270573884248733521e-01 7.503529787063598633e-01 -1.718916416168212891e+00 -1.035788655281066895e-02 3.285565599799156189e-02
1.897201640531420708e-03 1.299342662096023560e-01 7.494856119155883789e-01 -1.746156215667724609e+00 -1.381481438875198364e-02 3.247235715389251709e-02
1.616527908481657505e-03 1.326952427625656128e-01 7.485237121582031250e-01 -1.772596001625061035e+00 -1.759624294936656952e-02 3.199082985520362854e-02
