2.521338756196200848e-04 3.712577454280108213e-04 6.598015427589416504e-01 -3.583430498838424683e-02 -7.000350859016180038e-03 -2.548078307881951332e-03
8.809507562546059489e-05 1.053483225405216217e-03 6.642981767654418945e-01 -7.170298695564270020e-02 -1.161042507737874985e-02 -4.200541414320468903e-03
-4.617515514837577939e-05 1.894608489237725735e-03 6.693786978721618652e-01 -1.135897934436798096e-01 -1.779450476169586182e-02 -6.322998553514480591e-03
-2.678899909369647503e-04 3.083696356043219566e-03 6.748834252357482910e-01 -1.597880572080612183e-01 -2.427232638001441956e-02 -8.966233581304550171e-03
-5.607241182588040829e-04 4.616239108145236969e-03 6.806579232215881348e-01 -2.093040049076080322e-01 -3.106992319226264954e-02 -1.189849060028791428e-02
-9.086413774639368057e-04 6.480358541011810303e-03 6.865836977958679199e-01 -2.613284885883331299e-01 -3.804558515548706055e-02 -1.498941518366336823e-02
-1.305660931393504143e-03 8.674910292029380798e-03 6.925731301307678223e-01 -3.151552081108093262e-01 -4.503321275115013123e-02 -1.821081340312957764e-02
-1.749768154695630074e-03 1.120973844081163406e-02 6.985506415367126465e-01 -3.702201843261718750e-01 -5.188497155904769897e-02 -2.157886698842048645e-02
-2.235867548733949661e-03 1.408021710813045502e-02 7.044647336006164551e-01 -4.260547161102294922e-01 -5.858014151453971863e-02 -2.508809603750705719e-02
-2.758100396022200584e-03 1.727124489843845367e-02 7.102656960487365723e-01 -4.822058975696563721e-01 -6.511510163545608521e-02 -2.873170748353004456e-02
-3.309735795482993126e-03 2.075423859059810638e-02 7.159029841423034668e-01 -5.382214784622192383e-01 -7.151851058006286621e-02 -3.250219672918319702e-02
-3.880582982674241066e-03 2.448640018701553345e-02 7.213222384452819824e-01 -5.936185717582702637e-01 -7.778692245483398438e-02 -3.636674210429191589e-02
-4.461151547729969025e-03 2.841506525874137878e-02 7.264727354049682617e-01 -6.479094028472900391e-01 -8.389659225940704346e-02 -4.028614982962608337e-02
-5.042514763772487640e-03 3.248026221990585327e-02 7.313072681427001953e-01 -7.006187438964843750e-01 -8.981540799140930176e-02 -4.421408846974372864e-02
-5.616555456072092056e-03 3.662071377038955688e-02 7.357847690582275391e-01 -7.513275742530822754e-01 -9.550911933183670044e-02 -4.810785502195358276e-02
-6.179809570312500000e-03 4.078355059027671814e-02 7.398830056190490723e-01 -7.997389435768127441e-01 -1.009708866477012634e-01 -5.195274204015731812e-02
-6.730712950229644775e-03 4.492525756359100342e-02 7.436005473136901855e-01 -8.457313179969787598e-01 -1.062088385224342346e-01 -5.575149506330490112e-02
-7.268634159117937088e-03 4.901752620935440063e-02 7.469522953033447266e-01 -8.893214464187622070e-01 -1.112372055649757385e-01 -5.952700972557067871e-02
-7.796739228069782257e-03 5.304780602455139160e-02 7.499644756317138672e-01 -9.306609034538269043e-01 -1.160680055618286133e-01 -6.330829113721847534e-02
-8.319293148815631866e-03 5.701421573758125305e-02 7.526718378067016602e-01 -9.700041413307189941e-01 -1.207167208194732666e-01 -6.713309139013290405e-02
-8.841386064887046814e-03 6.092407926917076111e-02 7.551118731498718262e-01 -1.007668733596801758e+00 -1.251981556415557861e-01 -7.103843986988067627e-02
-9.368325583636760712e-03 6.479062885046005249e-02 7.573203444480895996e-01 -1.043995141983032227e+00 -1.295240670442581177e-01 -7.505536079406738281e-02
-9.904990904033184052e-03 6.862939894199371338e-02 7.593284249305725098e-01 -1.079310059547424316e+00 -1.337014883756637573e-01 -7.920521497726440430e-02
-1.045536156743764877e-02 7.245524972677230835e-02 7.611602544784545898e-01 -1.113898873329162598e+00 -1.377333551645278931e-01 -8.349855244159698486e-02
-1.102359313517808914e-02 7.628055661916732788e-02 7.628344893455505371e-01 -1.148002266883850098e+00 -1.415887922048568726e-01 -8.794986456632614136e-02
-1.161219738423824310e-02 8.011415600776672363e-02 7.643624544143676758e-01 -1.181791782379150391e+00 -1.452552974224090576e-01 -9.255951642990112305e-02
-1.222134660929441452e-02 8.396017551422119141e-02 7.657482028007507324e-01 -1.215374588966369629e+00 -1.487419903278350830e-01 -9.730959683656692505e-02
-1.285214163362979889e-02 8.781857788562774658e-02 7.669942378997802734e-01 -1.248816013336181641e+00 -1.520074307918548584e-01 -1.021984964609146118e-01
-1.350136287510395050e-02 9.168502688407897949e-02 7.680954337120056152e-01 -1.282109737396240234e+00 -1.551080495119094849e-01 -1.071815490722656250e-01
-1.416657958179712296e-02 9.555170685052871704e-02 7.690475583076477051e-01 -1.315229535102844238e+00 -1.580464243888854980e-01 -1.122317165136337280e-01
-1.484512723982334137e-02 9.940879791975021362e-02 7.698464989662170410e-01 -1.348124623298645020e+00 -1.608436107635498047e-01 -1.173228919506072998e-01
-1.553409546613693237e-02 1.032454743981361389e-01 7.704890966415405273e-01 -1.380737543106079102e+00 -1.635282039642333984e-01 -1.224313229322433472e-01
-1.623071171343326569e-02 1.070509701967239380e-01 7.709740400314331055e-01 -1.413010478019714355e+00 -1.661306321620941162e-01 -1.275375634431838989e-01
-1.693248189985752106e-02 1.108147054910659790e-01 7.713015079498291016e-01 -1.444889783859252930e+00 -1.686844527721405029e-01 -1.326263993978500366e-01
-1.763727888464927673e-02 1.145267337560653687e-01 7.714732885360717773e-01 -1.476329565048217773e+00 -1.712252497673034668e-01 -1.376867294311523438e-01
-1.834331266582012177e-02 1.181777864694595337e-01 7.714927792549133301e-01 -1.507291674613952637e+00 -1.737893819808959961e-01 -1.427110135555267334e-01
-1.904922537505626678e-02 1.217595711350440979e-01 7.713643908500671387e-01 -1.537745237350463867e+00 -1.764128208160400391e-01 -1.476946026086807251e-01
-1.975408568978309631e-02 1.252644062042236328e-01 7.710932493209838867e-01 -1.567666530609130859e+00 -1.791294068098068237e-01 -1.526355892419815063e-01
-2.045731432735919952e-02 1.286854147911071777e-01 7.706850171089172363e-01 -1.597036004066467285e+00 -1.819711923599243164e-01 -1.575344800949096680e-01
