3.363983414601534605e-04 5.326225073076784611e-04 6.598382592201232910e-01 -1.753487065434455872e-02 3.261702368035912514e-03 -2.299306914210319519e-03
2.643123152665793896e-04 1.041718409396708012e-03 6.638450622558593750e-01 -4.125353693962097168e-02 6.775651592761278152e-03 -3.835713025182485580e-03
2.492337953299283981e-04 1.624241936951875687e-03 6.684151291847229004e-01 -6.754815578460693359e-02 1.052433904260396957e-02 -5.338660441339015961e-03
1.983336260309442878e-04 2.386200241744518280e-03 6.733845472335815430e-01 -9.606488049030303955e-02 1.453332696110010147e-02 -6.957855541259050369e-03
1.362397451885044575e-04 3.312662243843078613e-03 6.786355376243591309e-01 -1.265462189912796021e-01 1.869032531976699829e-02 -8.442739024758338928e-03
8.651404641568660736e-05 4.396284464746713638e-03 6.840898394584655762e-01 -1.586365252733230591e-01 2.319552004337310791e-02 -9.625088423490524292e-03
6.544566713273525238e-05 5.646343342959880829e-03 6.896965503692626953e-01 -1.919422596693038940e-01 2.824291214346885681e-02 -1.042468845844268799e-02
8.200584852602332830e-05 7.083540316671133041e-03 6.954218745231628418e-01 -2.261272221803665161e-01 3.388012573122978210e-02 -1.083226967602968216e-02
1.419404870830476284e-04 8.729834109544754028e-03 7.012395858764648438e-01 -2.609669566154479980e-01 4.005696624517440796e-02 -1.085545774549245834e-02
2.494867658242583275e-04 1.060382090508937836e-02 7.071259617805480957e-01 -2.963239252567291260e-01 4.666709899902343750e-02 -1.050993241369724274e-02
4.070659342687577009e-04 1.271637622267007828e-02 7.130551934242248535e-01 -3.321104049682617188e-01 5.358188971877098083e-02 -9.815664961934089661e-03
6.168913678266108036e-04 1.506994199007749557e-02 7.189971804618835449e-01 -3.682565987110137939e-01 6.066873669624328613e-02 -8.788311854004859924e-03
8.801015210337936878e-04 1.765698567032814026e-02 7.249156832695007324e-01 -4.046736061573028564e-01 6.781114637851715088e-02 -7.441909983754158020e-03
1.197021570987999439e-03 2.046094462275505066e-02 7.307696938514709473e-01 -4.412314295768737793e-01 7.491491734981536865e-02 -5.786181893199682236e-03
1.567199709825217724e-03 2.345868200063705444e-02 7.365152239799499512e-01 -4.777563512325286865e-01 8.190663158893585205e-02 -3.829755121842026711e-03
1.988991862162947655e-03 2.662306651473045349e-02 7.421089410781860352e-01 -5.140400528907775879e-01 8.873375505208969116e-02 -1.580564887262880802e-03
2.459524897858500481e-03 2.992259152233600616e-02 7.475131154060363770e-01 -5.498778820037841797e-01 9.535206109285354614e-02 9.490920347161591053e-04
2.977109514176845551e-03 3.332782536745071411e-02 7.526966333389282227e-01 -5.850532054901123047e-01 1.017237156629562378e-01 3.738125087693333626e-03
3.537914948537945747e-03 3.681197017431259155e-02 7.576363086700439453e-01 -6.193881630897521973e-01 1.078237518668174744e-01 6.764609832316637039e-03
4.137875512242317200e-03 4.035223647952079773e-02 7.623193264007568359e-01 -6.527538299560546875e-01 1.136331409215927124e-01 1.000271365046501160e-02
4.772556014358997345e-03 4.393146932125091553e-02 7.667430043220520020e-01 -6.850830316543579102e-01 1.191394999623298645e-01 1.342498324811458588e-02
5.437456537038087845e-03 4.753893241286277771e-02 7.709139585494995117e-01 -7.163745164871215820e-01 1.243350207805633545e-01 1.700472831726074219e-02
6.128204520791769028e-03 5.117027461528778076e-02 7.748464345932006836e-01 -7.466886043548583984e-01 1.292172372341156006e-01 2.071697264909744263e-02
6.840671412646770477e-03 5.482675507664680481e-02 7.785598039627075195e-01 -7.761382460594177246e-01 1.337878108024597168e-01 2.454069815576076508e-02
7.570195477455854416e-03 5.851340666413307190e-02 7.820757031440734863e-01 -8.048682212829589844e-01 1.380582600831985474e-01 2.845450490713119507e-02
8.313343860208988190e-03 6.223935261368751526e-02 7.854169607162475586e-01 -8.330510854721069336e-01 1.420455425977706909e-01 3.244800493121147156e-02
9.068823419511318207e-03 6.601499766111373901e-02 7.886044979095458984e-01 -8.608573675155639648e-01 1.457552462816238403e-01 3.651223331689834595e-02
9.834820404648780823e-03 6.984955072402954102e-02 7.916557192802429199e-01 -8.884372711181640625e-01 1.491990387439727783e-01 4.064194858074188232e-02
1.061005890369415283e-02 7.375128567218780518e-02 7.945838570594787598e-01 -9.159203171730041504e-01 1.523888409137725830e-01 4.483505338430404663e-02
1.139384321868419647e-02 7.772626727819442749e-02 7.973980307579040527e-01 -9.434049129486083984e-01 1.553351432085037231e-01 4.908940568566322327e-02
1.218547020107507706e-02 8.177792280912399292e-02 8.001028895378112793e-01 -9.709582328796386719e-01 1.580511480569839478e-01 5.340371653437614441e-02
1.298466790467500687e-02 8.590700477361679077e-02 8.026996254920959473e-01 -9.986172914505004883e-01 1.605470031499862671e-01 5.777459964156150818e-02
1.379094924777746201e-02 9.011162072420120239e-02 8.051870465278625488e-01 -1.026391983032226562e+00 1.628327518701553345e-01 6.219753250479698181e-02
1.460384298115968704e-02 9.438759088516235352e-02 8.075620532035827637e-01 -1.054269790649414062e+00 1.649162024259567261e-01 6.666521728038787842e-02
1.542242057621479034e-02 9.872899949550628662e-02 8.098202347755432129e-01 -1.082224130630493164e+00 1.668052077293395996e-01 7.116883993148803711e-02
1.624553278088569641e-02 1.031284183263778687e-01 8.119575977325439453e-01 -1.110216379165649414e+00 1.685067266225814819e-01 7.569734752178192139e-02
1.707165315747261047e-02 1.075777262449264526e-01 8.139698505401611328e-01 -1.138204574584960938e+00 1.700267493724822998e-01 8.023885637521743774e-02
1.789904758334159851e-02 1.120678931474685669e-01 8.158532977104187012e-01 -1.166143298149108887e+00 1.713706254959106445e-01 8.478032797574996948e-02
1.872572861611843109e-02 1.165895462036132812e-01 8.176046013832092285e-01 -1.193988680839538574e+00 1.725451350212097168e-01 8.930987864732742310e-02
